11
11
100.0 100.0 100.0 100.0 100.0 100.0 100.0 100.0 100.0 100.0 100
100.0 20.0 20.0 20.0 20.0 20.0 20.0 20.0 20.0 20.0 100.0
100.0 20.0 20.0 20.0 20.0 20.0 20.0 20.0 20.0 20.0 100.0
100.0 20.0 20.0 20.0 20.0 20.0 20.0 20.0 20.0 20.0 100.0
100.0 20.0 20.0 20.0 20.0 20.0 20.0 20.0 20.0 20.0 100.0
100.0 20.0 20.0 20.0 20.0 20.0 20.0 20.0 20.0 20.0 100.0
100.0 20.0 20.0 20.0 20.0 20.0 20.0 20.0 20.0 20.0 100.0
100.0 20.0 20.0 20.0 20.0 20.0 20.0 20.0 20.0 20.0 100.0
100.0 20.0 20.0 20.0 20.0 20.0 20.0 20.0 20.0 20.0 100.0
100.0 20.0 20.0 20.0 20.0 20.0 20.0 20.0 20.0 20.0 100.0
100.0 100.0 100.0 100.0 100.0 100.0 100.0 100.0 100.0 100.0 100
